Code       Position   
int        (-1, -1)   
           (-1, -1)   
const      (0, 0)     
           (-1, -1)   
=          (-1, -1)   
           (-1, -1)   
const      (2, 0)     
\ n        (-1, -1)   
int        (-1, -1)   
           (-1, -1)   
const      (0, 1)     
           (-1, -1)   
=          (-1, -1)   
           (-1, -1)   
const      (8, 0)     
\ n        (-1, -1)   
\ n        (-1, -1)   
for        (-1, -1)   
           (-1, -1)   
const      (5, 0)     
           (-1, -1)   
<          (-1, -1)   
           (-1, -1)   
const      (0, 0)     
:          (-1, -1)   
\ n        (-1, -1)   
           (-1, -1)   
           (-1, -1)   
           (-1, -1)   
           (-1, -1)   
write      (-1, -1)   
(          (-1, -1)   
"          (-1, -1)   
const      (8, 1)     
"          (-1, -1)   
)          (-1, -1)   
